豐泰企業股份有限公司及子公司合併財務報告附註(續)
十二、其       他
(一)員工福利、折舊及攤銷費用功能別彙總如下:
hen REPRE [ oo (RSET =
性質別    ae ea 費用 者    成本者|費用者
員工福利費用
薪 資 費 用                   IS 4,299,238      1,416,897      5,716,135      4,906,247      1,745,342      6,651,589
勞健保 費 用                 482,051       142,378      624,429      540,978      147,173      688,151
退休金費 用                  317,102        93,705      410,807      360,981       100,029      461,010
其他員工福利費用         482,019      137,552      619,571      608,090      176,578      784,668
折舊 費 用                      492,846      236,333      729,179      534,655      249,272      783,927
難銷 費 用                         3,270        17,002        20,272         1,326        17,841        19,167
hog REDE [e® (RETR =
性質別    成本者 費用 者    成本者|費用者
員工福利費用
薪 資 費 用                   IS 8,986,537      3,046,936 | 12,033,473      9,798,727     3,379,581 | 13,178,308
勞健保 費 用                1,039,259      302,534     1,341,793     1,101,818      298,569     1,400,387
退休金費 用                  655,087       186,088      841,175      680,691       186,099      866,790
其他員工福利 費 用          1,036,433        300,538      1,336,971      1,208,899        336,704      1,545,603
折舊 費 用                    1,034,123      478,129    1,512,252    1,058,350      473,260    1,531,610
難銷 費 用                         5,863        35,063        40,926         2,739        33,449        36,188
(二)營運之季節性:
合併公司之營運不受季節性或週期性因素影響。
~43~
