單位:新台幣仟元

114年4月至6月     113年4月至6月     114年1月至6月     113年1月至6月
代碼 項                                  目 金         A % &         額 % 金         額 %         額 %
4000 營業收入淨額(註四、六及七)       $ 31,464 100 $ 25927 100 $ 53200 100 $ 45,411 100
5000 營業成本(註六及七)                      (6, 730) (21)        (5, 234) (20)       (10, 683) (20)        (9, 522) (21)
5900 營業毛利                                       24, 734      79          20, 693      80          42, 517      80          35, 889      79
6000 營業費用(註六及七)

6100 推銷費用                                 (4,190) (14)        (4, 080) (16)        (8,007) (14)        (7, 893) (16)
6200 管理費用                               (13, 308) (42)       (11,874) (46)       (27,038) (51)       (23, 968) (54)
6450 預期信用減損(損失)利益                   (68) 一              Oh =           (182) 一              39      一
6000 營業費用合?$                               (17, 566) (56)       (15, 956) (62)       (35, 227) (65)       (31,822) (70)
6900 營業淨利                                   7, 168      23          4, 737      18          7, 290      15          4, 067       9
7000 營業外收入及支出
7100 利息收入                                     1, 084        3              634       3           1, 833       3           1,127       2
7010 其他收入(註六                                 91      一               15      一             319       1               15      一
7020 其他利益及損失(註六)                   (17, 095) (54)          5, 034      19         (26, 788) (50)            (213) 一
7050    財務成本                       (44) “一          (17) -       (81) 一          (89) 一
7000 營業外收入及支出合計                   (15, 964) (51)         5, 666      22        (24, 717) (46)           890       2
7900稅前淨利(損)                                  (8,796) (28)          10, 403       40         (17, 427) (31)           4, 957       11
7950 所得稅費用(註四及六)                      (2,257) (7)         (1,700) (7)         (5,806) (11)         (3,628) (8)
8000 本期淨利(損)                          $ (11,053) (35) $ 8703      33 $ (23,233) (42) $      1, 329       3
8300 其他綜合損益
8310 不重分類至損益之項目
透過其他綜合損益按公允價值衡
8316      臺之權益工見                          $ 4282       14 $       1, 259        5 $ 25, 838       49 ¢         948        2
8300 ”本期其他綜合損益                       $ 4, 282       14 $       1, 259        5 $ 25, 838       49 §¢         948        2
8500 “本期綜合損益總額                   $ (6,771) (21) $      9, 962      38 $ ~— 2,605       7 $ 2,277       5
8600 淨利歸屬於 :
8610 ”母公司業主                               (10,053) (32)         9, 723      38        (21,318) (40)         4, 265       9
8620 非控制權益                                   (1,000) (3)         (1,020) (5)         (1,915) (4)         (2,936) (6)

$ (11,053) (35) $  8, 703  33 $ (23,2383) (44) $  1, 329  3

8700 ROR BAAR:

8710 母公司業主                                (5,774) (17)        10,982 43          4,501 8          5,213 1

8720 JE HAE                                      (997) _ (4)         (1,020) (9)         (1, 896) (4         223i; 人8)
$ (0771 (21) $ 9962 38 $ 2606 4 3$ 227 5

9750 每股盈餘(元)(註六)

基本每股盈餘(虧損)                 $      (0. 16)           $       0. 16           $      (0. 35)          $       0.07
稀釋每股盈餘(虧損)                 $      (0. 16)           $       0. 16           $      (0. 35)          $       0.07

董事長 : a

會計主管:  吧人

