me CF READ AF OA
=}         ==
RW 1144113 #4 #  826A 3048
以及民國 114 及113年1月1日至6月 30日
單位:新台幣千元,惟
每股盈餘為元
114年4月1日至6月30日113年4月1日至6月30日114年1月1日至6月30日“113年1月1日至6月30日
代碼                                    金          額      %      金          額      %      &          額      %      金          額      %
營業收入( 附註二一及二八)
4100         銷貨收入                   $ 774,499       100  $ 741,669       100 $ 1,645,317       100 $ 1,546,692       100
4800            其他營業收入                 (             24)            -                2,205             -                  143             -                6,283             -
4000                營業收入合計                774475        100           743,874        100         1,645,460        100         1,552,975        100
5000 營業成本 (附註十、二二及
=A)                                  838,621        108           777,927        105         1,723,954        105         1,603,815        103
5900 BH AG                        (___64,146) (__8) (___34,053) (__5) (___78494) (__5) (___50,840) (__3)
營業費用(附註九及二二)
6100          推銷費用                             23,176           3             21,053           3             50,125           3            42,872           3
6200          管理費用                             59,558           8             58,746           8           120,694           7           125,610           8
6300             研究發展費用                             15,358             2               11,243             2               29,083             2               24,331             2
6450     預期信用減損損失 GS
轉利益)                      (         2,811)            -              15,919            2 (         2,507)            -              16,210            1
6000                  營業費用合計                    95,281           13             106,961           15             197,395           12            209,023           14
6900 營業淨損                        人159427) (__21) (__141,014) (20) (275,889) (17) (___259,863) (__17)
營業外收入及支出( 附註十
三及二二)
7100               利息收入                                         21,794               3                  30,296               4                  43,324               3                  60,602               4
7010         其他收入                             681          -            1211          -            2,341          -            2,350          -
7020          其他利益及損失                   786,096        102            47,999           6           818,788         50           102,478           7
7050         財務成本                   (14480) ( 2) ( 15,137) ( 2) ( 29,064) ( 2) ( 30,594) ( 2
7060     採用權益法之關聯企業
損益之份額                      460,462         59           334,977         45           865,980         53           608,878         39
7000               合計                   1,254,553        162           399,346         53         1,701,369        104           743,714         48
7900 稅前淨利                           1,095,126       141          258,332        33        1,425,480        87          483,851        31
7950 所得稅費用(附註四及二三)         342,169        44           82,301        10          406,764        25          128,714         8
8200 本期淨利                                   752.957          97           176,031          23         1,018,716          62           355,137          23
其他綜合損益(附註二十及
二三)
8310         不重分類至損益之項目
8316                透過其他綜合損益
按公允價值衡量
之權益工具投資
未實現評價損益 (       9884) ( 1) (15200 ( 2) (         172)         - (30561) ( 2
8320                採用權益法之關聯
企業之其他綜合
損益之份額                   2,643           -            24,673           3 (35,281) ( 2            41,231           3
(接次頁)
-6-
