113年1月1日至6月30日

項        目        期初餘額      增加(減少)        處 分       匯率影響數 期末餘額
成本
£     地           $ 1,565,992    $         一    $         一    $     (14,753) $ 1,551,239
房屋及建築                 18,220,990             297,199             (24,007)            736,770         19,230,952
機器設備                    44,096,356             582,660            (105,874)          1,496,581         46,069,723
電腦設備                 131,680           5,185           (1,784)           1,037         136,118
檢驗設備               2,752,690          44,429         (44,048)         41,232       2,794,303
防治污染設備                 650,147                 (143)                   一                    一             650,004
運輸設備                  66,473           4,562              一             934          71,969
辦公設備                200,103           3,696           (3,654)           7,535         207,680
其他設備              10,293,804         300,426         (28,593)        261,393       10,827,030
未完工程               1,556,434         836,619              一          §2,771        2,445,824
小     計           $ 79,534,669    $ 2,074,633    $ (207,960) $ 2,583,500    $ 83,984,842
累計折舊及減損
房屋及建築        $ 9,299,796   $    567,600   $    (12,356) $    310,649   $ 10,165,689
機器設備                    24,903,749           1,664,359            (109,395)            794,161         27,252,874
電腦設備                 110,031           3,744          (1,715)            650         112,710
檢驗設備               1,705,985         128,862         (29,626)         31,561        1,836,782
防治污染設備                 513,422               14,009                    一                    一             527,431
運輸設備                  52,177           2,382              一             614          55,173
辦公設備                 163,446           5,794          (3,408)           5,854         171,686
其他設備               7,421,959         435,848         (24,043)         170,044        8,003,808
小     計              44,170,565    $ 2,822,598    $ (180,543) $ 1,313,533      48,126,153
淨   額        $ 35,364,104                                  $ 35,858,689
1.本公司建築物之重大組成部分,主要有廠房主建物及附屬設備等,

並分別按其耐用年限 20一35 年及 5一30 年予以計提折舊。
2.本公司提供做為借款擔保之不動產、廠房及設備資訊,請參閱附註

八。

(八)租       g
1.使用權資產
114464308 1134124318 113468 308
項  目   帳面金額  帳面金額  帳面金額

土地(含土地使用權) S$         197,047 $         224,523 $         226,193

房屋及建築                        172,646               183,805               170,412

運輸設備                            12,815                 14,135                 17,359

合計                $         382,508 $         422,463 $         413,964

20
