as |=

民國 114 年6月 30 @           B 113464 30a                            單位 :新臺幣仟元

次                   產                              113, 12. 31           113.6. 30
代  碼 會    計    項     a Mf       註               金     aA    %   金      R    %
流動資產
1100 現金及約當現金             (四)、(六)   $ 1,378, 452     10.68 $ 1,023, 242     9.06 $    856, 735     7.54
1110 透過損益按公允價值衡量之金融資產               (四)、(六                         =                =                  69             0.00                  274              0.00
a Ene ee           (oa) (%                     132, 020              1.02             142, 350              1.26               182, 236               1. 60
1140 合約資產                                                               (ea)                            1, 205, 453                  9. 34                 832, 546                   7.37                    620, 041                    5. 46
1150 應收票據淨額                                            (四)、(六                         78, 031                0.61                95, 397                0.85                  85, 480                 0.75
1160 應收票據-關係人                                      (+)                         4, 922             0.04                   -                 一                 6, 133              0.06
1170 應收帳款淨額                                              (四)、(六                     4, 263, 609               33. 05            3, 819, 728               33. 83               4, 206, 514                37. 01
1180 應收帳款-關係人淨額                          (四)、(六)、(七)                20, 903             0.16             12, 930             0.12               54, 898              0. 48
1200 其他應收款                 (四)、(六)、(七)、(入)       81, 353      0. 63       58, 231       0.51       101, 376       0. 89
1220 本期所得稅資產                      (9)               441        0.00          471        0. 00           一          ~
1310 存貨                                             (四)、(六                 2, 742, 773            21. 26          2, 374, 348            21.03            2, 492, 273             21. 93
1410 預付款項                                                                                       156, 447                1.22                93, 046                 0.82                   76, 765                 0.68
1479 其他流動資產                                                 《                              2, 929                0.02                 4, 250                0.04                    7, 739                 0.07
llxx 流動資產合5                                                                                 10, 067, 333               78. 03             8, 456, 608                7A. 89               8, 690, 464                76. 47
非流動資產
4     [en a          (四)、(六                   131, 038             1.01            131, 038              1.16               99, 283             0.87
1550 採用權益法之投資                                                  (相)、(六                              394, 736                    3. 06                   389, 201                     3. 45                      352, 670                     3.10
1600 不動產、廠房及設             (a9) > (A) (A)      1, 715, 219     13.29     1, 728, 841      15.31     1, 676, 278      14. 75
1755 使用權資產                                      (四)、(六                     6, 818             0. 05              9,114             0.08                5, 651             0. 05
1760 投資性不動產                                        Ga 5CDYGx》                  346, 494                2. 69               347, 523                3.08                 350, 328                3.08
1780 RRA                                       (四)、(六                    35, 016            0.27             26, 898             0.24              13, 871             0.12
1840 ””遞延所得稅資產               (相)         28, 517     0.22     27, 010     0.24      33, 538     0. 30
1915 預付設備款                                                                               27, 414               0.21                18, 376               0.16                 43, 017                0.38
1920 存出保證金                                                                                     97, 524                0.76               109, 812                 0.97                   85, 893                 0. 76
1975 淨確定福利資產                                          (四)、(六                         42, 226                0.33                37, 346                0.33                    4,015                0.03
1980 其他應收款                                                    (六)                               407                0. 00                    407                0.00                      415                 0. 00
1990 其他非流動資產                                               (六)                            9, 748                0.08                  9, 748                0.09                    9, 748                 0.09
15x        非流動資產合計                                                                      2, 835, 157              21.97            2, 835, 314              25.11              2, 674, 707               23.53
Lxxx    資產總計                     $ 12, 902, 490    100.00 $ 11,291,922    100.00 $   11, 365, 171    100. 00

GEXA)
