聯發科技股份有限公司及子公司合併財務報表附註(續)
(金額除另予註明外,均以新台幣仟元為單位)
未完工程
土地 房屋及建築 機器設備 電腦通訊設備 試驗設備     其他設備 及待驗設備 合計
成 “本:
114.01.01     $ 9,998, 332 $ 33,795,042 $ 2,859,779 $ 17,349,984 $ 23,295,483 $ 20,153,434 $ 2,319,873 $109, 771, 927
增添一單獨取得                -         123, 954          901, 245       1, 785, 761          438, 957      3, 328, 921      1, 520, 064         8, 098, 902
處      分                       -             (207)          (1, 851)       (229, 793)       (204, 480)      (148, 134)              一          (584, 465)
移    轉                 -         (131)       (2, 794)           ~        41, 325       27, 322      (66, 419)          (697)
匯率變動之影響 一          - (1,302,839)          (773)      (386, 311)      (449, 506)     (727, 878)            -      (2, 867, 307)
114. 06. 30      ___ 9, 998, 332    32, 615, 819     3, 755, 606    18, 519, 641    23, 121, 779    22, 633, 665    3, 773, 518     114, 418, 360
折舊及減損:
114.01.01                       一       8, 885, 420       1, 380, 420      13, 578, 880      15, 088, 662     13, 921, 502                一       52, 854, 884
折舊一本期新增             -        428, 913        181, 427      1, 339, 774      1, 295, 249     2, 873, 604             一       6, 118, 967
處    分                 -         (207)       (1, 851)     (228, 779)     (186, 771)     (147, 804)           一       (565, 412)
移      轉                         -                  -           (15, 043)                 ~            15, 043                  -                 -                    -
匯率變動之影響          -       (280, 046)          (713)      (303, 091)      (370, 165)     (653, 085)            -      (1, 607, 100)
114. 06. 30        _            -       9, 034, 080       1, 544, 240      14, 386, 784      15, 842, 018     15, 994, 217                -       56, 801, 339
帳面淨額:
114. 06. 30    $s 9,998, 332 $ 23,581,739 $ 2,211,366 $ 4,132,857 $ 7,279,761 $ 6,639,448 $ 3,773,518  $ 57,617,021
118. 12. 31     $ 9,998, 332 $ 24,909,622 $ 1,479,359 $ 3,771,104 $ 8,206,821 $ 6,231,932 $ 2,319,873  $ 56,917, 043
-24-
