6insyde
調整
eee ee ee ee
應報導部門稅後(損)益     47,579     15,823      4,188     15,858    (35,869)     47,579
113年第二季
WA +
來自外部客戶收入         276,270      89,089      37,387 ee eee   402,746
RFRA RS           60,620     eas | 770) |
來自外部利息收入           sai] 3684] ss | ss | =| 59
   338,721     93,387     43,950   (67,709)    408,385
應報導部門稅後(損)益          84,192         (4,491)         11,358         (4,455)         (2,412)         84,192
114年上半年度
WA +
來自外部客戶收入        562,789 | 194,907     53,631 ee   811,327
母子公司間交易          88,986      1,083     13,027 |.  (103,096) Le
來自外部利息收入          3258 70] a7] as | =| tz
   657,033    203,633     66,695  (103,096)    824,300
應報導部門稅後(損)益     125,234     21,854      5,801     21,889    (49,544)    125,234
113年上半年度
WA +
來自外部客戶收入         537,114 | 174,167      62,358 ee   773,639
母子公司間交易          87,335      1,153     11,498 |.   (99,986) Le
來自外部利息收入           sao) sot] ss) 36] =| 062
   627,753    182,884     74,014   (99,986)    784,701
應報導部門稅後(損)益     156,173     15,659     11,557     15,695    (42,911)    156,173
應報導部門資產總額:
114.06.30        1,721,474    448,581     92,013    377,540   (850,760) | 1,788,848
113.12.31        1,605,594    463,881     96,093    391,953   (870,025) | 1,687,495
113.06.30        1,490,262    414,656    150,489    342,823   (821,918) | 1,576,312
31
