十、重大之災害損失: 無。
十一、重大之期後事項:無。
十二、其 他
(一)資本管理
本公司基於現行營運產業特性及未來公司發展情形,並且考量外
部環境變動等因素,規劃本公司未來期間所需之營運資金(包括研
究發展費用及債務償還等)需求,以保障本公司之永續經營,能回
饋股東且同時兼顧其他利益關係人之利益,並維持最佳資本結構
以提升股東價值。整體而言,本公司採用審慎之風險管理策略。
(二)金融工具
1.金融工具之種類
114年6月30 日     113 #12 A 31a     113 #6 A 3048
帳面金額     公允價值     帳面金額     公允價值     帳面金額     公允價值
金融資產
按攤銷後成本衡量之金
融資產
現金及約當現金     $11,157,267 $11,157,267 $11,152,324 $11,152,324 $11,604,972 $11,604,972
應收票據及帳款      14,598,720    14,598,720    17,157,942    17,157,942    14,520,221    14,520,221
其他應收款             656,057      656,057      741,530      741,530      432,723      432,723
其他金融資產         6,898,644    6,898,644    8,056,436    8,056,436    6,932,749    6,932,749
存出保證金(含流動)          63,777           63,777           74,490           74,490           75,281           75,281
透過損益按公允價值衡
量之金融資產             56,998       56,998      186,408      186,408      224,024      224,024
透過其他綜合損益按公
oe         7,303        7,303       11,097       11,097       12,172       12,172
允價值衡量之金融資產
合    計           $33,438,766 $33,438,766 $37,380,227 $37,380,227 $33,802,142 $33,802,142
金融負債
按攤銷後成本衡量之金
融和負債
短期借款           $ 2,647,863 $ 2,647,863 $ 1,514,110 $ 1,514,110 $ 2,988,791 $ 2,988,791
應付飄據及帳款      14,256,645    14,256,645    15,289,523    15,289,523    13,573,183    13,573,183
其他應付款           6,243,740    6,243,740    7,308,096    7,308,096    5,680,621     5,680,621
長期借款
9,824,086     9,824,086    9,837,010    9,837,010    12,268,372    12,268,372
(含一年內到期)
存入保證金(含流動)            116,696            116,696           104,857           104,857           106,409           106,409
合    計           $33,089,030 $33,089,030 $34,053,596 $34,053,596 $34,617,376 $34,617,376
39
