is   未        Tats
Wem       fh cA
RAIA         附加及113年6月30日
A      朮及                                  單位: HRA
 = ee Ss ee eee
                            [jfem os [ow | 條  « [« | em Tm |
度動員全                                                        as
2100 | 短期借款                                                       (#).14                  $9, 900, 238         9            $9, 585, 252        10          $4, 995, 699         6
2130 | 合約丰債一流動                                              (六).22                      1, 898         0                2, 881         0               2, 860         0
2150 | mAb eae                                                                             5,776, 019         5            5,192, 111         5          3, 973, 769        5
2170 | 應付帳款                                                                                  27, 120, 787        24            23, 691, 582        a          15, 611, 588        20
2200 | 其他應付款                                                  (2.15                 13, 805, 269        12            7, 924, 925         8          9, 865, 216        13
2230 | AMAA AR Of                                           (e9)/(). 27               3, 070, 772         3            2, 491, 022         2           1,521, 827        2
2280 | 租賃負債一流動                         (Cam)/(六). 28          353,689     0        335, 687     0       310, 231     0
2300 | 其他流動負債                                                                         8, 575, 354         1            5, 520, 145         5          3, 106, 262        4
2320 | 一年內到期之長期外債                      (六).16.17          3,423, 110     3       3,544, 621     4      1,179, 175     2
21XX         流動負債合計                                                                    72, 627, 126        63           58, 288, 126       58         40, 567, 227       52
非流動負全
2530 | 應付公司全                                                  (六).16                          -        -                    -        -           2, 400, 000         3
2540 | 長其借款                                                    (2.17                  3, 546, 842         3            3, 348, 795         3          3,417, 117        4
2570 | sac oma OA                                           (e9)/(). 27               2, 006, 612         2            2, 185, 455         2          2,173, 184         3
2580 | 40.58 Sk — ab fate                        (Cam)/(六). 28         1, 763, 821     2       1, 960, 515     2       864, 743,     1
2630 | 長期遞延收入                                                (2.18                    591.045         0              661, 136         1             670, 197         1
2645 | 存入保證金                                                                                           35, 814          0                  38, 659          0                37, 304          0
25XX         非流動負債合計                                                                   7, 943, 634         7            8, 144, 560         8          9, 562, 545        2
2XXX 負債總計                                                                                   80, 570, 760        70            66, 432, 686        66          50, 129, 772        回
歸屬於母公司業主之權益
3100 股本                                                                     (六230
3110 | 普通股股本                                                                           3, 881, 671         4            3, 875, 535        4           3, 833, 101         5
3140 | 預收股本                                                                                                  615          0                   6,995          0                     -         -
3200 「資本公策                                                       (六20                  2, 568, 460         2            3, 546, 404        4           3, 377, 804         5
3300 ska A                                (A). 20
3310 | ke BARRA                                                                         3, 117, 584         3            2, 298, 983         2          2, 298, 983        3
3320 | al Rak aah                                                                           609, 162         0            1,451, 514         2           1,451, 514         2
3350 | 未分配一條                                            22, 821, 401     20       18, 300, 365    18      13, 625, 623    Ww
RG BARS                                                                        26, 548, 147       23           22, 050, 862       2          17,376, 120        2
3400 |其他權益                                              (3,350, 908) | (3)       (609,162) |)      (681, 388) | (0
BIXX |「歸屬於母公司業主之權益                                     29, 647, 985    26       28, 870, 634    3      23, 905, 637    31
36XX |非控制權益                                                    (六230                  4,423, 761         4            4, 602, 241         5          3, 963, 685        5
3XXx | 權益合計                                                                            34, 071, 746        30           33, 472, 875       34         27, 869, 322       36
負債及權益總計                                                                      $114, 642, 506_| 100          $99, 905, 561_| 100        $77,999, 094 | 100
(請參閱合併財務報表附註)                               國加
‘                                                                                                3
董事長:  Ep                       Bah:   Bs                     會計主管:   aii
qT“                                                             7和                                                     圖  |
一5一
