累 計 折 舊
、 113. L. 1餘額 。 本期提列 本期處分 重 分類 。 113.6. 3餘額
房屋及建築      $ 292,421,415 $ 11,835,364 $         一     $         一     $ 304,256,779
機器設備          1,045,654,672       77,165,625       (2,328,518)            一       1,120,491,779
水電設備            134,413,411        6,892,361         (155,000)            一         141,150,772
電腦通訊設備        42,439,676        1,821,098            一               一         44,260,774
試驗設備            49,558,813        4,687,546         (146,791)            一          54,099,568
污染防治設備                54,006,751               2,203,699                (522,733)                      一                  55,687,717
運輸設備            48,303,726        2,691,267       (4,180,000)            一         46,814,993
辦公設備              3,436,039          125,058            一               一           3,561,097
其他設備            102,510,274        6,647,068         (260,000)            一         108,897,342
a a      $1,772,744,777 § 114,069,086 $ (7,593,042) § 二 $1879,220,821
hk 面 金 FB
114464 3048    1134124318    113464 3048
土      地                       $ 294,306,546 $ 294,306,546 $ 294,306,546
房屋及建築                            147,523,555         158,818,198         169,958,744
機器設備                               475,851,061         533,501,430         563,137,376
水電設備                             97,522,229        105,328,267          61,664,242
電腦通訊設備                        14,631,855          17,263,327          13,144,253
試驗設備                             24,406,598          27,758,266          31,135,382
污染防治設備                          25,795,601           27,099,511           28,356,760
運輸設備                             27,514,624         30,805,960          28,802,419
辦公設備                                 366,841             472,759             327,372
其他設備                            143,139,673        152,922,192        154,598,536
未完工程及待驗設備                656,544,290         515,342,877         218,039,004
合      計                       $ 1,907,602,873 $ 1,863,619,333 $ 1,563,470,634
上項不動產、廠房及設備提供質押情形請參閱附註八。
(七) 使用權資產
使用權資產之明細及期初金額與期末金額之調節如下:
房屋及建築 運輸設備       辦公設備       合計
成     本:
114年1月1日餘額            $ 4,161,019 $12,906,127 $ 1,233,176 $18,300,322
38      加                          4,792,927      4,251,266         100,176      9,144,369
減      少                               一          (912,094)           一          (912,094)
114年6月30日餘額             $ 8,953,946 $16,245,299 $ 1,333,352 $26,532,597
累計折舊 :
114年1月1日餘額             $ 3,530,113 $ 5,781,355 $ 446,484 $ 9,757,952
折      舊                            764,043      1,989,217        230,429      2,983,689
減      少                               一          (912,094)           一          (912,094)
114年6月30日餘額            $ 4,294,156 $ 6,858,478 $ 676,913 $11,829,547
帳面金額:
114年1月1日             $ 630,906 $ 7,124,772 $ 786,692 $ 8,542,370
114464308                   $ 4,659,790 $ 9,386,821 $ 656,439 $14,703,050.
- 23 -                                                  25T280bm
