凱美電機股份有限公司及子公司合併財務報告附註(續)
(十九)客戶合約之收入
1.收入之細分
114年      113年      114年      113年
4月至6月    4月至6月    1月至6月    1月至6月
主要地區市場:
香港大陸地區 $    941,213     953,112    1,771,561    1,745,586
台灣及亞太其              378,697          348,092          703,466          607,823
他地區
歐洲地區                       128,732           130,528           243,574           229,569
美洲地區                        27,617             19,182             51,787             33,457
其他                              -                          174                 350                 421
$1,476,259        1,451,088        2,770,738        2,616,856
主要產品:
電容器               $        602,787          657,030        1,142,542        1,145,325
電阻                             726,587           624,940         1,344,068         1,183,697
風記                              145,196           167,433           281,566           285,045
其他                             1,689             1,685             2,562             2,789
$1,476,259        1,451,088        2,770,738        2,616,856
2.合約餘額
114.6.30          113.12.31          113.6.30
應收票據及帳款(含關係人)          $ 1,750,597        1,677,577        1,813,401
減:備抵損失                                     (9,302)         (10,293)          (9,992)
$1,741,295         1,667,284         1,803,409
合約負債(帳列其他流動負債)       $         10,830           20,712             1,136
應收帳款及其減損之揭露請詳附註六(五)。
民國一一四年及一一三年一月一日合約負債(帳列其他流動負債)期初餘額於民
國一一四年及一一三年一月一日至六月三十日認列為收入之金額分別為20,712千元
及2,980千元。
~~
