漢唐集成股份有限公司及子公司合併財務報告附註(續)
(十)使用權資產
合併公司承租土地、房屋及建築及辦公設備之成本及折舊,其變動明細如下:
房       屋
土地 RER “辦公設備       總 計
使用權資產成本:
民國114年1月1日餘額              $      33,350       550,009          1,196       584,555
38      添                                      -              62,856              15         62,871
mb                                      -               (6,652)         -               (6,652)
匯率變動之影響                                  (2,890)        (55,672)              (84)        (58,646)
民國114年6月30日餘額              $       30,460        550,541           1,127        582,128
民國113年1月1日餘額              $      32,217       309,207            866       342,290
增添                                      -                4,349            363          4,712
減      少                                      -               (7,974)          (277)        (8,251)
匯率變動之影響                 889     14,575       18     15,482
民國113年6月30日餘額                $____ 33,106         320,157               970         354,233
使用權資產之折舊:
民國114年1月1日餘額              $        4,961       257,364            817       263,142
本期折舊                                         405         59,324            163         59,892
減少                                      -               (6,652)         -               (6,652)
匯率變動之影響                (457)    (27,043)      (71)    (27,571)
民國114年6月30日餘額                $         4,909         282,993               909         288,811
民國113年1月1日餘額       $    3,994    163,373      738    168,105
本期折舊                                         407         39,606            154        40,167
減少                                      -               (7,448)          (259)        (7,707)
匯率變動之影響                 113     7,533       15     7,661
民國113年6月30日餘額                $         4,514         203,064               648         208,226
帳面價值:
民國114年1月1日                    $      28,389       292,645            379       321,413
民國114年6月30日          $   25,551    267,548      218    293,317
民國113年1月1日                    $      28,223       145,834            128       174,185
民國113年6月30日                         $        28,592          117,093                322          146,007
~18~
