ESnyy ise
ORCS =e
民回114年6月30 Lat ota 1134468308
iiltaliines        dui 新夫人
114年6月30日    113年12月31日    113年6月30日
代碼   次   產   RR  %  SB  %  金一額 多
流動資產
1100 現金及約當現金(附註六(一))  $  5, 252, 841 33.5 $  4,678,438 31.2 $   4,926,466 33.5
1150 。 應收飄據淨額(附註六(二))     14,358 0.1    5, 749  -    23,535 0.2
1170) 應收帳款淨額(附註六(三))      4,548,105 29. 1    4,097,028 27.3    3, 733, 688 25.4
1200 其他應收款          120,225 0.8   144,504 1.0   126,226 0.9
1220 本期所得稅資產         17,221 0.1    18,624 0.1    14,483 0.1
130x 。 存貨(附註六(四))          2.165,857 13.8    2,180,914 14.6    2, 167,518 14.7
1410 預付款項           90, 324 0.6    84,871 0.6   154,187 1.0
1476 ” 其他金融資產-流動(附註六(五))     = 3   228,041 1.5 _  227,662 1.5
I1xx   流動資產合計           12, 208, 931 78.0    11, 438, 169 76.3   LL, 373, 7657.3
非流動資產
1510 透過損益按公允價值衡量之金融資   161,707 1.0   173,170 1.2   169,129 1.2
產~非流動(附註六(六))
1517 透過其他綜合損益按公允價值衡量   29,968 0.2    31,549 0.2    28,280 0.2
之金融資產-非流動(附註六
(七》
1550 採用權益法之投資(附註六(八))    13,366 0.1    17,676 0.1    18,237 0.1
1600 不動產、廠房及設備(附註六(九))   2,400, 832 15.3    2,460,697 16.4    2, 821, 390 15.8
1755 使用權資產(附註六(十)》      576,959 3.7   617,290 4.1   535, 372 3.6
1760 投資性不動產淨額(附註六(十一))   84, 188 0.5    84,371 0.6    84,554 0.6
1780 。 無形資產(附註六(十二))      46,255 0.3    53,211 0.4    55,562 0.4
1840 REM PRAA         85,615 0.6    93,367 0.6    90,708 0.6
1920 存出保證金          26,948 0.2    21,428 0.1    21,639 0.2
1990 ” 其他非流動資產~其他         13,370 0.1     7,433 0    6, 890  -
[See   非流動資產合計          3, 439, 208 22.0    3,560,192 23.7 _   3,331,761 22.7
1xxx 資產總計            $15, 648, 139 100.0$ 14998.361 100.0$ 14 705,526_100.0
負債及權益
流動負債
2100 。 短期借款(附註六(十三))   $  1,136,829 7.3 $  927,601 6.2 $  769,493 5.2
2180 合約負債-流動(附註六(二十三))   117,424 0.7   109,304 0.7   221,153 1.5
2150 et BAR          20,031 0.1    28,095 0.2   34,641 0.2
2170 。 應付帳款              3,757, 749 24.0    3,434,772 22.9    3, 166,110 21.6
2200 ” 其他應付款(附註六(十四)》)      2, 062, 389 13.2    1,152,199 7.7    1,945,990 13.2
2230 本期所得稅負債        181,885 1.2   164,177 1.1   254,279 1.7
2250 負債準備~流動(附註六(十五))    61,450 0.4    61,697 0.4    57,985 0.4
2280 租賃負債一流動(附註六(十))     79,658 0.5    82,041 0.6    75,118 0.5
2320 一年或一營業週期內到期長期負債   119,555 0.8   122,333 0.8    96,225 0.7
(附註六(十六))      _
21xx   流動負債合計            7,536,970 48.2    6,082,219 40.6   6,620,994 1.0
(BRA)
一4一
