ae eR  Rita a  子公司
At ee Pi i E)
民國一一四年六月三十日、民國    所!電下2天十一日及民國一一三年六月三十日
(2 Be  inl Oe 41)
=        =,

流動負債
2100| 短期借款                  六.9               $680,543       26.84         $710,137        25.57         $574,928      20.08
2130] 合約負債                  六.14                      -           -                 36            -                  -           -
2150| 應付飄據                                       25,000        0.98             4,421         0.16            43,753        1.53
2170) 應付帳款                                      161,395        6.37            91,115         3.28           207,692        7.25
2200) 其他應付款                                     92,038        3.63            43,189         1.56            88,531        3.09
2230) 本期所得稅負債       四及六.20       11,341     0.45        3,422     0.12       10,777     0.38
2280) 租賃負債                  六.16                   815        0.03             3,432         0.12             3,429        0.12
2300} 其他流動負債                                      264        0.01               271         0.01               376        0.01
2322| 一年內到期之長期借款 [ALL                      -           -           100,000         3.60           100,000        3.49
21xx      流動負債合計                               971,396      38.31           956,023        34.42         1,029,486      35.95

非流動負債
2540| 長期借款                  六.11               150,000        5.92                  -             -                  -           -
2570| 遞延所得稅負債           四及六.20          159,372        6.29           219,495         7.90           224,185        7.83
2580| 租賃負債                  六.16                   125           -               187         0.01             1,715        0.06
2630| 長期遞延收入             六.10                44,642        1.76            52,814         1.90            55,791        1.95

非流動負債合計                            354,139       13.97           272,496         9.81           281,691        9.84
2xxx |負債總計                                       1,325,535,       52.28         1,228,519        44.23         1,311,177      45.79
31xx |歸屬於母公司業主之權益 [N13
3100| 股本
3110      普通股股本                                 982,009       38.73           982,009        35.36           982,009      34.29
3200] 資本公積                                      192,899        7.61           192,899         6.95           192,899        6.74
3300| 保留盈餘
3310      法定盈餘公積                                74,543        2.94            72,635         2.61            72,635        2.54
3320      特別盈餘公積                                41,956        1.66            41,956         1.51            41,956        1.46
3350      未分配盈餘                                  68,739        2.71           194,572         7.01           192,780        6.73
保留盈餘合計                            185,238        7.31           309,163        11.13           307,371       10.73

3400| 其他權益                                     (150,421)      (5.93)           64,565         2.33            70,092        2.45
3xxx |權益總計                                       1,209,725      47.72         1,548,636        55.77         1,552,371       54.21

負債及權益總計                                  $2,535,260 |_100.00         $2,777,155        100.00         $2,863,548 _| _ 100.00

(請參閱合併財務報表附註)
A                                                         >
GFR: RM |iii                      經理人: 李建輝                      會計主管:鄭宛鈺    es
ca  fi
