司及子公司

31日及6月30日

Bq: 新台幣仟元

114 年6月30日         113 年12 月31日         113 #6 月30日
代         碼 資                                                                                       產 金                        額         %         金                        額         %         金                        額         %
流動資產
1100              現金及約當現金(附註六)                                         $ 2,364,524,340           34        $ 2,127,627,043           32        $ 1,799,127,351           30
1110                    透過損益按公允價值衡量之金融資產 (MEL)                                   1,765,904                 -                      207,700                 -                      114,366                 -
1120                    透過其他綜合損益按公允價值衡量之金融資產( 附註和八)                  163,637,740                2                192,202,657                3                185,232,206                3
1136                    按攤鋪後成本衡量之金融資產 (附註九)                                         104,501,262                2                101,971,322                1                  64,160,285                1
1139                    避險之金融資產(附註十)                                                                             -                 -                        10,959                 -                         1,409                 -
1170        應收栗據及帳款淨額(附註十一)                     233,407,179       3       270,683,235       4       209,120,757       3
1180                        應收關係人款項 (附註三一)                                                                         2,277,792                    =                       1,404,473                    -                       1,089,662                    =
1210                    其他應收關係人款項(附註三一)                                                       2,567,972                 =                            251                 -                   2,403,027                 -
1310                       存貨(附註十二)                                                                                     304,193,716                   4                  287,868,810                  4                  272,490,587                  5
1476                         其他金融資產 (附註二八、二九及三二 )                                                     49,202,958                    1                      63,138,316                    1                      35,624,485                    1
1479                    其他流動資產                                                                                38,838,612          1                 43,237,354          1                 22,293,958          =
11XX                          流動資產合計                                                                       3,264,917,475           _ 47             3,088,352,120          __ 46              2,591,658,093           _ 43
非流動資產
1510                    透過損益按公允價值衡量之金融資產( 附註七)                                 13,831,497                 =                  15,199,842                 =                  14,714,867                 <
1517                    透過其他綜合損益按公允價值衡量之金融資產( 附註八)                      7,605,736                 -                   7,822,884                 -                   7,223,448                 ~
1535                    按攤銷後成本衡量之金融資產 (附註九)                                           81,827,491                1                  88,596,542                1                  88,680,794                2
1550                    採用權益法之投資(附註十三)                                                        34,162,043                1                  37,421,105                1                  29,600,356                1
1600                    不動產、廠房及設備(附註十四及二八)                                       3,386,206,352               48              3,234,980,070               48              3,105,860,057               52
1755                    使用權資產(附註十五 )                                                                  43,857,918                1                  40,128,391                 1                  39,512,949                1
1780                         無形資產( 附註十六                                                                                        24,707,294                     -                      26,282,520                    1                      22,430,599                     -
1840                    遞延所得稅資產(附註四)                                                               64,996,327                1                  65,943,300                1                  65,160,047                1
1920                       存出保證金                                                                                                   4,854,963                   =                      5,495,862                   -                      4,473,796                   -
1990                   其他非流動資產 (附註二八及二九 )                                                79,382,453          1                 81,715,364          _ 1                 13,049,008          _ =
15XX                         非流動資產合計                                                                 3,741,432,074          _ 53             3,603,585,880          _ 54             3,390,705,921          __57
IXXX         資產 總 計                                                    $ 7,006,349,549        _100        $ 6,691,938,000        _100        $ 5,982,364,014        _100
負                    tit                    及                    權                    益
流動負債
2120                        透過損益按公允價值衡量之金融和負債 ( 附註七)                               $           220,702                    ~            $            466,539                    .             $            509,210                    -
2126                    避險之金融負債 (附註十及二九)                                                             2,384                 ~                                ~                 ~                         3,524                 -
2170                    應付帳款                                                                                        83,495,172                1                  72,800,558                1                  62,763,059                1
2180                     應付關係人款項(附註三一)                                                                 1,276,538                  -                     1,426,001                  和                     1,184,013                  -
2201        應付薪資及獎金                                46,014.993       1       47,451,509       1       29,412,298       ~
2206                    應付員工研勞及董事酬勞 ( 附註二七 )                                             116,534,813                2                  70,871,150                1                  79,199,148                1
2213                       應付工程及設備款                                                                                   161,416,417                  2                  192,635,173                   3                  136,744,351                   2
2216                         應付現金股利 ( 附註十九)                                                                            246,672,182                    4                    220,418,821                    3                    194,600,069                    3
2230                     本期所得稅負債 ( 附註四 )                                                                 182,884,380                 3                 147,438,423                 2                 110,302,021                  2
2320                       一年內到期長期負債(附註十七、十八及二九)                                       94,213,641                   1                     59,857,879                   1                     23,075,426                    ~
2399        應付費用及其他流動負債 ( 附註十五、二十及二九)          444,583,112    __ 6       451,158,911    _ 7    __ 411,122,561    _ 8
21XX                        流動負債合計                                                                   1,377,314,334          __ 20             1,264,524,964          _19             1,048,915,680          _17
非流動負債
2530                        應付公司債 (附註十七及二九)                                                                 848,534,856                 12                   926,604,506                 14                   965,313,898                 16
2541                    長期銀行借款 (附註十八及二九)                                                     35,136,246                1                  31,824,386                 -                   9,029,765                 -
2573                     遞延所得稅負債 ( 附註四 )                                                                     3,954,595                  -                     3,988,482                  <                         57,243                  -
2580                    租賃負債 (附註十五及二九)                                                            31,363,997                 -                  28,755,342                 -                  28,221,881                1
2640                    淨確定福利負債 ( 附註四)                                                                 5,355,403                 -                   7,580,657                 -                   7,702,315                 -
2645                    存入保證金                                                                                         714,229                 -                      845,581                 z                      953,045                 -
2670                   其他非流動負債 (附註二十)                                                          87,344,039          _ 1               104,238,217          _ 2                102,021,982          _ 2
25XX                        非流動負債合計                                                                1,012,403,365          _ 14             1,103,837,171          _16             1113.300.129          _19
2XXX                          負債合?$                                                                                2,389,717,699           _ 34              2,368,362,135           _ 35              2,162,215,809           __ 36
歸屬於母公司業主之權益
3110        股本(附註十九)
普通股股本                                                                               259,326,155           _ 4                259,327,332           _4           __ 259,336,292           _4
3200                    資本公積 (附註十九及二六 )                                                          73,326,265          1                 73,260,765          _ 2                 70,940,676          a!
保留盈餘(附註十九)
3310                               法定盈餘公積                                                                                   311,146,899                   4                  311,146,899                  4                  311,146,899                   5
3350                          未分配盈餘                                                                        4,119,740,394          _59             3,606,105,124          __ 54             3,127,527,816          _52
3300                                保留盈餘合計                                                              4,430,887,293          _ 63             3,917,252,023          __58             3,438,674,715          __57
3400                        其他權益 (附註十九及二六 )                                                            (___ 182,465,738) (__3)                   38,705,047            _-                     25,540,368            _ 1
3500        庫藏股票(附註十九)                                   -    _-             -    __-    (    3,089,177 )    __-
31XX                              母公司業主權益合計                                                                         4,581,073,975                 65                4,288,545,167                 64                3,791,402,874                 63
36XX           非控制權益                                                                                  35,557,875         1                35,030,698         1                28,745,331         1
3XXX                         權益合計                                                                             4,616,631,850          _ 66             4,323,575,865          _ 65             3,820,148,205           __ 64
a 債 及 權 益 總 #                                                            $ 7,006,349,549          100          $ 6,691,938,000          —100          $.5,982,364,014          —100

二                後附之附註係本合併財務報告之一部分。
Sk                ie                   an
董事長:    aa               經理人:   Se                  會計主管:    Sal

-4-

