(

)

11444418       113年4月1日       114年1月1日       113年1月1日

地         區         別      至6月30日         至6月30日         至6月30日         至6月30日

台        灣                               $ 73,556,401        $ 60,545,774        $ 140,049,911        $ 128,861,200
美                                   694,211,968            416,766,901          1,326,650,754            812,949,006
中                                     87,328,812            106,696,259            149,551,163            161,931,908
日        本                                     35,426,165              39,007,995              71,183,847              72,220,860
歐洲、中東及非洲                      28,706,029             25,021,881             54,233,006             46,985,032
其       他                                     14,562,494              25,471,367              31,376,852              43,206,372

$ 933,791,869         $ 673,510,177        $1,773,045,533         $1,266,154,378

本公司地區別收入主要係以客戶營運總部所在地為計算基礎。

114年4月1日       113年4月1日       114年1月1日       113年1月1日

a 術 平 台 Fl      至6月30日         至6月30日         至6月30日         至6月30日

高效能運算                                            $ 561,155,353             $ 351,392,530            $1,054,378,499            $ 626,165,504
智慧型手機                                       249,959,546               222,543,370               483,570,934               447,575,509
物 聯網                                     44,298,398              37,346,267              83,021,588              72,667,217
車用電子                                                43,029,218                  33,747,863                  86,057,463                  65,884,496
消費性電子                                               14,997,583                    14,119,376                    26,550,049                    25,857,161
其       他                                     20,351,771              14,360,771              39,467,000              28,004,491

$ 933,791,869        $ 673,510,177        $1,773,045,533         $1,266,154,378

114445148       1134418       114441418       113441418
製         程         別     至6月30日         至6月30日         至6月30日         至6月30日
3 奈米                                   $ 187,252,107        $ 90,111,260        $ 347,432,294        $ 135,560,220
5奈米                                        289,669,221            209,567,531            544,077,476            400,263,285
7奈米                                            109,051,362             101,106,641              217,247,909             201,496,228
16 奈米                                          56,317,381               52,681,064             103,654,228             101,153,275
20 Az                                              633,072                1,077,092                1,815,646                2,476,387
28 BH                                        54,583,088              50,557,516            107,326,777              93,576,834
40/45 B#                                      25,199,803                27,586,077                45,531,166                54,700,531
65 奈米                                        27,827,833              20,728,246              54,378,791              42,005,255
90 As                                           4,980,173                5,591,099              10,118,160              11,105,390
0.11/0.13 微米                            12,898,026              11,893,739              25,167,799              24,696,088
0.15,/0.18 微米                               21,950,928               21,803,577               43,171,553               43,728,038
0.25 微米以上                                       5,071,054                   3,536,778                   9,541,176                   7,376,060
晶圓收入                               $ 795,434,048        $ 596,240,620        $1,509 462,975        $1,118,137,591
& &) BR BB

11446 A308     1134412 9314     113-46 A308       113年1月1日
合約負債 ( 帳列應付費用

及其他流動負債)                $ 56,799,375          $ 89,435,361          $ 67,450,001          $ 52,736,430

合約負債之變動主要係來自滿足履約義務之時點與客戶付款時

點之差異。

來自年初合約負債於114年及113年4月1日至6月 30日與

114 年及113年1月1日至6月 308

- 31 -

認列於營業收入之金額分別為
