Ee 圖
Sales
fre        fl  aniltcae
REI114 46 9 8G          13年6月30日
          一一                                                                          單位 : 新台幣任元
流動負債
2100 | 短期借款                 (四)/(六).9         $410, 000     4       $430, 361     4       $420, 000     4
2150 | mata                                 1, 040, 682     10       1, 682, 736     13       1, 007, 035     1
2170 | 應付帳款                                 1, 618, 081     15       3, 306, 466     26       1, 623, 607     7
2180 | 應付帳款一關係人               (4)             161, 911      2         104, 218      1         53, 368      1
2200 | 其他應付款                                                           1, 206, 786         1               709, 131          6               896, 278          9
2220 | 其他應付款項一關係人                    (4)                        6,957         0                 8,540         0                21, 257         0
2230 | 本期所得稅負債                                                      161, 472         2               158, 999         1               133, 393         2
2280 | 租賃負債一流動           (四)/(六). 15/(七)         33, 382     0         27, 931     0         34, 760     0
2300 | 其他流動負債                                                        116, 703         1               104, 265         1                98, 915         1
21xx      流動負債合計                           4, 755, 974     45       6, 532, 647     52       4, 288, 613     45
非流動負債
2570 | 遞延所得稅負債                       (四)/(六). 19                 405, 637         4              512, 478         4              499, 086         5
2580 | 租賃負債一非流動          (四)/(六).15/(七)         140, 946      1         144, 231      1         79, 572      1
2645 | 存入保證金                                   20, 451      0         22, 392     0         22, 228     0
25xx          非流動負債合計                                                 567, 034         5              679, 101          5              600, 886         6
2xxx |負債總計                                                             5, 323, 008        50            7, 211, 748        57            4, 889, 499        51
權益
3100 fae                                              (A).
3110 | 普通股股本                                                          685, 539         6              685, 539         5              685, 539         7
3200 | RADAR                                   (六). 1                  2, 473, 495        24            2, 467, 298        19            2, 467, 298        26
3300 |保留量條                   (A).
3310 | sk@ RAR OAR                                                        346, 975         3              224, 239         2              224, 239         2
3320 | 4431 Reh oah                                                                        圖          二                   47, 803           0                  47, 803           0
3350 | Apae BER                                                           2,139, 045         20             2, 075, 566         16             1, 328, 468         14
保留盈餘合計                                                      2, 486, 020        23            2, 347, 608        18            1, 600, 510        16
3400 |其他權益                                    (va)                     (308, 176)       @)               45, 991          1                24, 947         0
3xxx        權益合計                                                        5, 336, 878        50            5,546, 436        43            4, 778, 294        49
負債及權益總計                             $10, 659, 886    100      $12, 758, 184    100      $9, 667, 793    100
(請參閱合併財務報表附註)
=                                                                           Jot                                                  Te
董事長 : Hae  ns   4                  經理人: 徐安賜  fee} an                會計主管: sun MBE  |
ii        sill       isl
一5人一
