穎崴科技股份有限公司及子公司合併財務報告附註(續)
(二十二)客戶合約之收入
1.收入之細分
114年4月至6月 113年4月至6月114年1月至6月 “113年1月至6月
主要地區市場:
臺       灣                   $         310,505            267,822            679,051            533,027
美                              807,008            467,607          2,293,251            875,216
中                              354,877            432,179            741,651            696,551
歐       洲                                5,120              6,031              13,450              6,996
加  拿  大                                1,517              7,613               5,798              12,336
亞       洲                               43,262             74,414             86,395 204,618
$       1,522,289          1,255,666          3,819,596 2,328,744
主要產品/服務線:
Test Socket                 $         738,952          1,018,730          1,939,366          1,885,252
Contact Element                     191,082            111,438            382,413            256,424
Probe Card                           544,676             60,333          1,357,191             64,039
其       他                                  47,579               65,165              140,626             123,029
$       1,522,289          1,255,666          3,819,596          2,328,744
2.合約餘額
114.6.30           113.12.31           113.6.30
應收飄據                                      $           14,218             44,790                 979
應收帳款                                              1,293,400          1,798,558          1,386,704
減:備抵損失                                       (6,920)           (8,366)          (13,664)
合計                                      $       1,300,698          1,834,982          1,374,019
合約負債-預收貨款            $      2,812         699         193
合約負債-客戶忠誠計畫              167,383      185,392      112,936
$         170,195            186,091            113,129
應收票據及應收帳款與其減損之揭露請詳附註六(四)。
民國一一四年及一一三年一月一日合約負債期初餘額於民國一一四年及一一三
年四月一日至六月三十日及一一四年及一一三年一月一日至六月三十日認列為收入
之金額分別為4,071千元、44,718千元、30,841千元及53,190千元。
~27~
