民國115年6月30

單位: MS KF

115年6月30日         114年12月31日         114年6月30日
KR 碼 偶             產 金    HR % 金    RR % 金    Ei %
流動資產
1100     現金及約當現金(附註六 )                   $   91,292,321    9  $   92,468,851   10  $   72,785,296   10
1110    透過損益按公允價值衡量之金融資產一流動(附註七)        14,350,944    1      7,754,182    1      2,744,895   =
1140     合約資產一流動(附註四十)                     10,689,240    1       7,568,112    1       6,615,013   nt
1170    應收帳款淨額( 附註十)                      143,317,698   14     125,042,214   14     103,100,698   14
1200       其他應收款                                         3,823,188      =          2,499,294      =          2,703,815      zi
1220    本期所得稅資產                          767,274   -       884,793    >       681,055   A
1310    存貨(附註十一 )                         82,425,496    8      65,672,973    8      53,616,730   7
1320     存貨一營建房地 (附註十二)                      3,842,903    =       3,710,017    =       3,440,943   =
1476     其他金融資產一流動 ( 附註十三及三五 )                1,730,125    -       1,760,287    -       1,373,533   =
1479     其他流動資產                             8,160,022    1       6,434,369    1       6,932,786   HT
11XX      流動資產合計                           360,399,211   34      313,795,092   35      253,994,764   33
非流動資產

1510    透過損益按公允價值衡量之金融資產一非流動

(附註七)                              2,737,372    =       2,433,310    =       2,109,815   -
1517    透過其他綜合損益按公允價值衡量之金融資產             、

一非流動( 附註入)                        13,068,219    fl      13,615,254    vd      12,811,972   2.
1550     採用權益法之投資(附註十四 )                    47,849,853    5       25,520,228    3      19,457,761   3
1600    不動產、廠房及設備 (附註十五、二五、三五及三六 )         517,815,729   48      421,115,044   47     364,849,227   47
1755    使用權資產 (附註十六                      13,995,821    it     12,636,536   A      11,721,354   2
1760    投資性不動產(附註十七、二五及三五 )              19,034,341    2     18,736,891    2     17,529,500   2
1805     PR CELA)                           54,368,552    5       51,886,100    6      51,595,834   7
1821    其他無形資產(附註十九及二五)                  11,915,441   i      12,920,602    1      14,013,946   2
1840     遞延所得稅資產                            7,537,376    1       7,698,208    1       8,381,684   1
1980    其他金融資產一非流動 (附註十三及三五 )               4,196,171   =       4,108,146   1       4,029,007   =
1990     其他非流動資產                            18,416,341    2       4,867,943    il       4,679,872   1
15XX                          Sh FASE                                                                                                      710,935,216                66                         575,538,262                65                          511,179,972              67
1XXX # 產 總 計          $ 1,071,334,427 100 $ 889,333,354  100 $  765,174,736 100
(接次頁)

-4-
