115年4月1日      114年4月1日      115年1月1日      114年1月1日

製        程        別     至6月30日        至6月30日        至6月30日        至6月30日

2奈米                                                      $            31,934,248 §$                                  - §            31,934,248 $                                  -
3K                                                                 320,558,574                   187,252,107                   566,508,701                    347,432,294
5奈米                                                                 350,112,503                    289,669,221                    701,309,302                   544,077,476
TERK                                                         121,857,311                 109,051,362                 250,707,216                 217,247,909
164 3K                                                         68,235,397                   56,317,381                 132,571,277                 103,654,228
204                                                               965,254                         633,072                      2,189,225                      1,815,646
284                                                                 67,295,079                      54,583,088                    136,733,694                   107,326,777
40/454                                                       26,476,486                      25,199,803                      50,791,879                      45,531,166
654K                                                         38,817,949                   27,827,833                    77,080,049                   54,378,791
904 #K-0. 13微米                                            17,692,493                        17,878,199                        34,637,728                        35,285,959
0. 15微米以上                                            29,762,027                    27,021,982                    57,356,336                    52,712,729
晶圓收入                             $ 1,073,707,321 $ 795,434,048 $ 2,041,819,655 $ 1,509,462,975

( 二)合約餘額

115年6月30日     114124 318     1144-6 4 308      114414148

合約負債 ( 帳列應付費用

及其他流動負債)   $ 55,852,048 $ 49,954,384 $ 56,799,375 $ 89,435,361
合約負債之變動主要係來自滿足履約義務之時點與客戶付款時點之
差異。

來自年初合約負債於115年及114年4月1日至6月30日與115年及114
年1月1日至6月30日認列於營業收入之金額分別為4.465,128仟元及
9,527,546仟元及16,171.871仟元及53,183.111仟元。

(三)暫收客戶款
115年6月30日“114年12月31日“114年6月30日

流動 (帳列應付費用及

其他流動負債 )            $ 141,853,142 $ 146,559,275 $ 155,973,239
非流動 (帳列其他非流
動負債)                             92,372,004          43,298,936          65,942,034

$ 234,225,146 $ 189,858,211 $ 221,915,273

本公司之暫收客戶款係客戶為保留本公司產能而先行給付予本公司
之款項,該暫收客戶款於合約約定陸續達成時再依雙方議定之方式返還
該款項或是抵減相關應收帳款。

一 31 -
