單位:新台幣仟元

30日    11444418 2114464308 | 115年1月1日至115年6月30日   114年1月1日至114年6月30日

代碼                                         項目                                                      附註

全 額       9%           金 額           9%           金 額           9%           金 額           9%
4000 |營業收入                                                                           (四)/(六).14/(七)                 $3, 739, 739         100           $2, 620, 220         100           $7, 923, 593         100           $4, 871, 931         100
5000 |營業成本                                                         (四)/(六).4.7.16.17/(七)          (2, 466, 538)      (66)        (1, 989, 627)      (76)        (5, 298, 555)      (67)        (3, 742, 914)      (17)
5900 |營業毛利                                                                                                                   1, 273, 201          34               630, 593          24            2, 625, 038          33             1, 129, 017          23
6000 |營業費用                                                   (四)/(六).8.15.16.17
6100 | 推銷費用                                                                                              (5, 640)       (0)            (4, 968)       (0)           (12, 108)       (0)           (11, 594)       (0)
6200 | 管理費用                                                                                             (52, 738)       (1)           (31, 914)       (1)          (108, 912)       (2)           (68, 085)       (1)
6300 | 研究發展費用                                                                                        (174, 528)       (5)           (98, 036)       (4)          (345, 433)       (4)          (202, 479)       (4)
6450 | 了預期信用減損利益                                                                                       3,110         0              1, 069         0                119         0             15, 603         0
SERA Ss                                                                                        (229, 796)       (6)          (133, 849)       (5)          (461, 334)       (6)          (266, 555)       (5)
6900 |營業利益                                                                                                                  1, 043, 405          28               496, 744          19            2, 163, 704          27               862, 462          18
7000 |營業外收入及支出
7100 | 利息收入                                                                (六).18                        9, 218         0             17, 877         0             16, 624         0             35, 571         1
7010 | 其他收入                                                                               (六).18                            14, 762           1                18, 458           1                51, 622           1                30, 677           0
7020 | 其他利益及損失                                                          (六).18                       11, 219         0           (134, 935)       (5)            15, 128         0           (106, 584)       (2)
7050 | 財務成本                                                             (六).18                      (3, 183)       (0)            (3, 484)       (0)           (6, 319)       (0)            (6, 969)       (0)
營業外收入及支出合計                                                                                 32, 016         1           (102, 084)       (4)            77, 055         1            (47, 305)       (1)
7900 |稅前淨利                                                                                                                     1, 075, 421          29               394, 660          15             2, 240, 759          28               815, 157          17
7950 |所得稅費用                                                             (四)/(六). 20                  (226, 280)       (6)           (64, 318)       (2)          (474, 358)       (6)          (128, 314)       (3)
8200 |本期淨利                                                                                                                          849, 141          23                330, 342          13             1, 766, 401          22                686, 843          14
8300 |其他綜合損益                                                             (六). 19
8310 |不重分類至損益之項目
8316 | 透過其他綜合損益按公允價值衡量之權益工具投資未實現評價損益                                                    一         一                  300          0                   一         一                  300          0
8360 |後續可能重分類至損益之項目
8361 | 國外營運機構財務報表換算之免換差額                                                                   102, 136         3           (537, 498)      (21)           311, 462         4           (443, 083)       (9)
8399 | 與可能重分類至損益之項目相關之所得稅                                                                 (20, 428)       (1)           107, 499         4            (62, 293)       (1)            88, 616         2
本期其他綜合損益 (稅後淨額)                                                                                         81, 708          2             (429, 699)       (17)             249, 169          3             (354, 167)        (7)
8500 |本期綜合損益總額                                                                                                            $930, 849          25              ($99, 357)         (4)          $2, 015, 570          25              $332, 676           7
8600 |淨利歸屬於:
8610| 母公司業主                                                                                                                    $849, 141          23              $330, 342          13            $1, 766, 401          22              $686, 843          14
8700 |綜合損益總額歸屬於:
8710| 母公司業主                                                                                                                  $930, 849          25              ($99, 357)         (4)          $2, 015, 570          25              $332, 676           7
每股盈餘                                                                    (四)/(六). 21
9750 | 基本每股盈餘(元)                                                                                                            $12. 39                              $4. 82                            $25. 77                            $10. 02
9850 | 稀釋每股盈餘(元)                                                                                                            $12. 37                              $4. 81                             $25. 75                            $10. 01

(請參閱合併財務報表附註)

ae
BEAD RED         inl  |                                               SUES: Hee
CA IRR EE

董事長:黃祖模

