(承前頁)

待驗設備 及

士地及土地改良 #    ES    物 機 器 設 備 WM 公設 fh 未 HB LT 程 F         計

$                  603,856 $           511,294,326 $ 4,799,921,522 $             82,783,864 $                              - $  5,394,603,568
增 ho                                                               9,983                  42,430,707                 306,832,640                    7,689,277                                 -                 356,962,607
處分或報廢                                                              -                      (212,592)                (77,596,803)                     (999,233)                                -                 (78,808,628)
匯率影響數                                                                 9,205                        1,376,813                        9,199,177                           179,017                                       -                      10,764,212
115464 308 RA                  $             623,044 §        554,889,254 $ 5,038,356,536 $          89,652,925 $                       - $  5,683,521,759
115年1月1日淨額                           $             12,841,916 $           680,567,494 $ 1,436,756,194 $             41,480,256 $ 1,518,996,210 $  3,690,642,070
115年6月30日淨額                     $           12,926,184 $         935,564,844 $ 2,265,124,898 §$           55,141,033 $ 1,032,953,346 $ 4,301,710,305
成 本
114年1月1日餘額                   $         13,054,161 $       959,133,864 $ 5,852,202,689 $        105,434,750 $  1,080,284,237  $  8,010,109,701
增加(減少)                                                    121,919                 248,872,681                 339,781,756                   14,465,762                  (24,819,915)                578,422,203
處分或報廢                                                              -                        (96,094)                (19,975,634)                     (873,885)                                -                 (20,945,613)
EDR                                                                      -                   (1,197,245)                                -                                 -                                 -                   (1,197,245)
匯率影響數                    (508,290)       (32,289,583)       (45,682,789)       (1,620,552)       (13,358,251)       (93,459,465)
114464308 RA                       $            12,667,790 $ 1,174,423,623 $ 6,126,326,022 $          117,406,075 $ 1,042,106,071 $ 8,472,929,581

$                  608,531 §$           440,369,241 $ 4,262,882,850 $             70,679,950 $                  790,740 $ 4,775,331,312
增 ho                                                               9,756                  34,372,332                 315,655,919                    6,962,695                                 -                 357,000,702
處分或報廢                                                              -                        (69,575)                (18,535,834)                     (869,223)                                -                 (19,474,632)
重分類                                                                      -                      (129,702)                                -                                 -                                 -                      (129,702)
減損損失                                                          -                             -                  1,670,522                             -                             -                  1,670,522
匯率影響數                                                              (67,973)                     (3,765,303)                   (22,007,529)                        (580,860)                                      -                    (26,421,665)
114464308 RA                       $                550,314 $          470,776,993 $ 4,539,665,928 $            76,192,562 $                790,740 $  5,087,976,537
114年1月1日淨額                           $             12,445,630 $           518,764,623 $ 1,589,319,839 §$             34,754,800 $ 1,079,493,497 $  3,234,778,389
114464 308 #2                      $           12,117,476 $         703,646,630 $ 1,586,660,094 $           41,213,513 $ 1,041,315,331 $ 3,384,953,044

本公司建築物之重大組成部分主要有廠房主建物、機電動力設備及工
程及無塵潔淨室系統等,並分別按其耐用年限20年、10年及10年予以計提
折舊。

本公司依資產使用狀況及預期使用計畫進行減損評估,認列減損損失
或迴轉利益,帳列其他營業收益及費損項下。其中114年第1季因地震毀損
無法繼續使用而認列減損損失請參閱附註三四之說明。

利息資本化資訊請參閱附註二二。

十五、和租賃協議
(一)使用權資產
115464308 114#12431a 114464308

使用權資產帳面金額

+ oh     $ 50,633,119 $ 39,873,344 $ 39,936,860
建築物             4,229,012     4,005,321      3,874,921
辦公設備         33,074    40,245    46,137

$ 54,895,205 $ 43,918,910 $ 43,857,918

一 23 -
