Raa    ai   “al
a 2 i EEE

民國115 SSE SABA Pla 264 308
單位:新台幣仟元

115年1月1日     114年1月1日
至6月30日              至6月30日
營業活動之現金流量:

稅前淨利                                                                                        $ 1,550,229,773 $ 923,930,616

調整項目 :

收益費損項目
折舊費用                                                                         359,541,458            359,012,194
攤銷費用                                                                                  4,447,147                4,184,797
預期信用減損損失 (迴轉利益) 一債務工具投資       51,743     (25,220)
財務成本                                                                                                      5,801,911                     6,368,369
採用權益法認列之關聯企業損益份額                                               (3,123,375)                 (2,589,255)
利息收入                                                                                             (58,906,984)               (50,051,310)
股份基礎給付酬勞成本                                                                       237,026                     799,647
處分及報廢不動產、廠房及設備淨損 (益)                                    (175,957)                 1,235,418
處分及報廢無形資產淨損(益)                                                        (224,968)                        2,071
不動產、廠房及設備減損損失                                                      -              1,670,522
透過損益按公允價值衡量之金融工具淨利益                                  (301,612)                   (204,315)
處分透過其他綜合損益按公允價值衡量之債務工具

投資淨損失                                                                                                  49,766                          82,845

處分採用權益法之投資淨益                                                         (63,202,285)                                -
處分子公司損失                                  -        167,986
外幣免換淨益                              (4,354,953)     (17,895,105)
股利收入                                                                                           (1,971,050)                   (463,552)
其 他                                                                                               254,365                     583,464

與營業活動相關之資產/負債淨變動數
透過損益按公允價值衡量之金融工具                                             3,810,341                 (1,796,243)
應收飄據及帳款淨額                                                                          (156,710,924)                 37,276,056
應收關係人款項                            (2,421,039)       (873,319)
其他應收關係人款項                           265,882        (10,235)
存貨                                                                                          (97,415,057)              (16,324,906)
其他金融資產                                                                                      (857,463)                (9,975,826)
其他流動資產                                                                                  (23,877,386)                 3,428,197
其他非流動資產                                                                              (16,151,482)                (2,609,468)
應付帳款                                                                                          26,338,485                10,694,614
應付關係人款項                              (42,993)       (149,463)
應付薪資及獎金                                                                                 6,087,882                 (1,436,516)
應付員工酬勞及董事酬勞                                                                  70,327,983                 45,663,663
應付費用及其他流動負債                                                        (28,028,952)             (29,100,990)
其他非流動負債                                                                                102,502,167                  (7,848,202)
淨確定福利負債                                                                                   (118,595)                (2,225,254)

營運產生之現金                              1,672,060,854    1,251,521,280

支付所得稅                                                                                           (189,719,612)            (128,883,523)
營業活動之淨現金流入                      1,482,341,242    1,122,637,757

(HARA)
