單位 : 新台幣仟元

115年04月01日至06月30日     114年04月01日至06月30日     115年01月01日至06月30日     114年01月01日至06月30日

代碼                     會計項目                           附 註               eH           %            金 額           %           金 額           %           金 額            %
4000 |營業收入                                       六.20/七          $3,955,568         100     $3,400,054        100 | $7,376,723       100 | $6,471,760          100
5000 |營業成本                                           六.7、18、22、23/七      (2,641,426)          (67)| (2,357,670)          (69) | (4,942,625)          (67)| (4,497,852)            (69)
5900 |營業毛利                                                        1,314,142          33      1,042,384         31      2,434,098         33     1,973,908           31
6000 |營業費用                                         六.18、21、22、23/七
6100 | 推負人費用                                                                                                     (228,189)                 (6)           (181,568)                (5)          (426,865)                (6)         (357,578)                  (6)
6200 | 管理費用                                                                                                                (386,025)                (10)            (286,606)                  (8)           (716,896)                (10)           (562,449)                    (9)
6300 | 研究發展費用                                                                                                        (233,156)                  (6)            (238,688)                  (7)           (456,205)                  (6)           (485,189)                   -(7)
6450 | 預期信用滅損(損失)利益                                                                                 (2,283)                  -                 6,746                   -           (147,336)                (2)               4,425                     -
營業費用合計                                                              (849,653)          (22)       (700,116)          (20) | (1,747,302)          (24)} (1,400,791)           (22)
6900 |營業利益                                                          464,489          11        342,268         11       686,796           9       573,117            9
7000 |營業外收入及支出                六.22、24/七
7100 | 利息收入                                                                      72,181             2          65,255             2         138,477             2        113,583              2
7010 | 其他收入                                                                      31,587             1           43,741             1          45,031             1          83,220              1
7020 | 其他利益及損失                                                               75,763             2          (65,569)           (2)        177,617             2          13,232               -
7050 | 財務成本                                                                     (54,700)           (1)         (54,173)           (2)       (107,479)           (1)      (108,766)            (2)
7060 | 採用權益法認列之關聯企業損益之份額                  六,8                  57,855             1           39,934             1         108,025             1          81,673              1
營業外收入及支出合計                                                                                     182,686                     5                29,188                    -             361,671                     5             182,942                      7)
7900 |. S 4!                                                                       647,175            16         371,456           11       1,048,467            14        756,059             11
7950 |所得稅(費用)                                        六.26              (120,334)          (3)        (66,894)          (2)      (212,325)          (3)      (139,026)           (2)
8000 |繼續營業單位本期淨利                                                526,841          13        304,562           9       836,142          11       617,033            9
8200 |本期淨利                                                                       526,841            13         304,562             9        836,142            11         617,033              9
8300 | Re eR Sah                                           六.25、26

8310 | 不重分類至損益之項目
8316 |透過其他綜合損益按公允價值衡量之權益工

具投資未實現評價損益                                            52,822           1         (8,010)          -        48,714          1       (22,385)           ~

8349 | 與不重分類之項目相關之所得稅                                         圖           -          1,913          -             -           -         2,952            -
8360 | 後續可能重分類至損益之項目

8361    國外營運機構財務報表換算之錫換差額                                7,453           -     (1,302,996)        (38)      246,509          3    (1,081,365)         (17)

8399 | 與可能重分類之項目相關之所得稅                                      (3)          -             -          -            (4)          -            1            ~

本期其他綜合損益(入後淨額)                                        60,272           1     (1,309,093)        (38)      295,219          4    (1,100,797)         (17)

8500 |本期綜合損益總額                                                $587,113          14    ($1,004,531)        (29) | $1,131,361          15     ($483,764)          (8)

8600 |淨利歸屬於:

8610 | FAKE                                                    $488,099         12      $251,794          7      $775,929         10     $528,440           8

8620 | 非控制權益                                                      38,742           1         52,768          2        60,213          1        88,593            1

$526,841                   13            $304,562                    9           $836,142                   11           $617,033                       9

8700 |練合損益總額師屬於:

8710 | 母公司業主                                                                        $548,822             13        ($992,622)           (29) | $1,057,559             14       ($514,142)              (8)
8720 | 非控制權益                                                                                                           38,291                     1               (11,909)                   -                73,802                     1               30,378                       -
$587,113                 14 | ($1,004,531)             (29) | $1,131,361                15        ($483,764)                 (8)
每股盈餘(元)                                                       六,27
9750 | 基本每股盈餘                                                                          $1.28                             $0.66                           $2.03                           $1.38
9850 | APPEAR BAe                                                            $1.28                             $0.66                           $2.03                           $1.38
(請參閱合併財務報告附註)

會計主管:

董事長 :   Ee

Lay
:
eval                                                                    i

Hull

