圖14 年6月 30 日

公司

單位 : MEE

次                  產                             114, 12. 31           114, 6, 30
代碼 會    計    項    目 附       註           %   金     額   %   金      wi   %
流動資產
1100 現金及約當現金             (四)、(六)      1, 240, 378     8.85 $ 1,694, 233     12.76 5   1, 378, 452     10. 68
1110 透過損益按公允價值衡量之金融資產              (四)、(六)                    1, 706             0.01              3, 058             0. 02                   -                一
1 ESTP AR SLRS E SES          (9) + (x)                  193, 696             1, 38            135, 968             1.02              132, 020             1.02
1140 合約資產                                              (中)                    1, 798, 900             12, 83          1, 435, 110             10. 81             1, 205, 453              9. 34
1150 應收票撩淨額                                       (四)、(六                      80, 724              0.58              62, 747              0. 48                78, 031               0. 61
1160 應收栗據-關係人              (4)         7, 240     0.05     1, 916     0.01      4, 922     0. 04
1170 應收帳坎淨額                                            (四)、(六)                   4, 828, 256               34, 43            4,514, 644               34, 00              4, 263, 609               33. 05
1180 應收帳款-關係人淨額                             (四)、(六)、(七)                   8, 987               0.07               95, 651               0.72                 20, 903               0. 16
1200 其他應收未                  (相)、(六)、(七)、(入)       74,717       0.53       33, 659       0, 25        81, 353       0. 63
1220 林期所得稅資產                                             (9)                                 24                0.00                 1, 490                0.01                      441                 0.00
1310 存貨                                           (四)、(六)               2, 477, 897           17.68         2, 200, 329            16, 57           2, 742, 773            21. 26
1410 HAT aR                                                                           245, 197              1.75             148, 341               1.12               156, 447               1.22
1479 其他流動資產                                                (六)                            5, 480                0.04                    191                0. 00                   2, 929                0.02
lixx 流動資產合計                                                                            10, 963, 202               78. 20           10, 327, 337               71.77             10, 067, 333               78.03
din RA
1510 透過損益按公允價值衡量之金融資產              (四)、(六)                   23, 252             0.17             13, 500             0.10                   二
Lat?     + aie          (四)、(六                   222, 134             1.58            122, 134             0.92              131, 038             1.01
1550 採用權益法之投資                                     (四)、(六)                     421, 527               3.01              420, 025               3.16                394, 736                3.06
1600 不動產、廠房及設備                       (四)、(六)、(和)           1, 739, 707          12.41         1, 730, 411           13. 03          1, 715, 219           13. 29
1755 使用權資產                                      (四)、(六)                    6, 716             0.05              8, 384             0.06                6, 818             0.05
1760 投資性不動產                                        ws « CAD                  344, 437                2, 46              345, 465                2. 60                 346, 494                2. 69
1780 無形資產                                       (四)、(六)                  30, 413            0.22            36, 469             0. 28              35, 016             0.27
1840 Rak nap AR RA                                             (相)                           38, 742                0.27                34, 903                0. 26                  28, 517                0.22
1915 預付設備款                                                                               45, 109               0. 32               35, 070               0.27                 27, 414                0.21
1920 存出保證金                                                                                 106, 908                0. 76               130, 721                0.99                  97, 524                0. 76
1975 淨確定福利資產                                          (四)、(六)                       67, 091                0. 48                65, 233                0. 49                  42, 226                0. 33
1980 EAB ABH AK                                                  (六)                              706               0.00                   440                0.00                     407                0. 00
1990 其他非流動資產                                               (x)                            9, 748                0.07                 9, 748                0.07                    9, 748                 0. 08
15xx         非流動資產合計                                                                         3, 056, 490               21.80            2, 952, 503               22.23               2, 835, 157                2.97
xx    資產總計                       14, 019, 692    100.00 $ 13,279, 840    100.00 $§   12, 902, 490    100. 00

GER R)

ee ee
